
warszawa_city_group = {
	257 1010 1011 1016 3005 3006 3113 3114 3158 3199 3201 3279 3287 3394 3485
	3459 3550 3558
}

lublin_city_group = {
	969 4808 4809 4810 4811 4812 4813 4814 4815 4816 4817 4818 4819 4820 4821
	4822
}

krakow_city_group = {
	262 998 3007 3008 3016 3042 3065 3100 3140 3162 3188 3222 3236 3237 3418
}

wroclaw_city_group = {
	2839 3017 3037 3060 3073 3083 3122 3134 3135 3190 3217 3220 3387 3388 3416
	3425 3531 3559 3577 3614 3618 3620 3621 3650 3655 3681
}

gdansk_city_group = {
	43 1805 1806 1807 1808 1809 1810 1811 1812 1813 1814 1815 1816 1817 1821 1822
	1823 1824 3444
}

poznan_city_group = {
	501 3445 4823 4824 4825 4826 4834 4835 4836 4837 4838 4839 4840 4841 4842 4843
	4844 4845
}

lodz_city_group = {
	2461 4790 4791 4792 4793 4794 4795 4796 4797 4798 4799 4800 4801 4802 4803 4804
	4805 4806 4807 4932 4933
}

szczecin_city_group = {
	2978 3196 3451 3585 4393 4394 4395 4396 4397 4398 4399 4400 4401 4402 4403 4404
	4405 4406
}

bydgoszcz_city_group = {
	2991 3124 3184 3268 3281 3515 3544 3565 3609 3657 3695 4001 4016 4017 4018 4019

}

katowice_city_group = {
	1318 3019 3089 3091 4827 4828 4829 4830 4831 4832 4833
}